1140,2625420,2
1140,1977959,3
1140,2268573,2
1140,303948,3
1140,1509395,3
1140,1001129,2
1140,1927580,1
1140,883478,2
1140,2329026,3
1140,1314869,3
1140,636262,4
1140,2237185,3
1140,1166912,1
1140,2062350,3
1140,1139570,3
1140,530789,5
1140,2439493,5
1140,238740,3
1140,1473980,3
1140,952156,4
1140,1903324,1
1140,2457095,2
1140,1876520,2
1140,184705,3
1140,507603,1
1140,341649,3
1140,322009,3
1140,1664010,5
1140,1902838,3
1140,2514777,1
1140,1298511,3
1140,491531,1
1140,2606799,2
1140,647979,2
1140,716173,4
1140,789014,2
1140,798296,2
1140,682963,3
1140,16272,3
1140,319058,3
1140,305344,1
1140,1710658,2
1140,2147527,4
1140,2315012,2
1140,402266,1
1140,752642,2
1140,555528,2
1140,2056022,2
1140,1745107,3
1140,1519378,3
1140,2118461,4
1140,387418,1
1140,1114324,4
1140,1932594,4
1140,1061195,4
1140,1461435,1
1140,1037245,4
1140,1639792,1
1140,57633,1
1140,2143500,3
1140,1002509,4
1140,2238060,5
1140,188613,3
1140,2634967,3
1140,1300759,3
6738,1977959,4
6738,1673185,4
6738,1001129,2
6738,1927580,3
6738,727242,1
6738,1314869,1
6738,1792741,4
6738,2237185,4
6738,2439493,1
6738,530789,5
6738,238740,4
6738,1473980,1
6738,507603,1
6738,1664010,5
6738,1935793,1
6738,491531,4
6738,2606799,2
6738,1146000,3
6738,1299887,3
6738,798296,4
6738,682963,4
6738,319058,4
6738,305344,1
6738,2150746,3
6738,2315012,4
6738,2118461,4
6738,1806515,3
6738,387418,1
6738,1932594,2
6738,1663888,3
6738,1037245,4
6738,57633,3
6738,2143500,4
6738,1612901,4
6738,1300759,4
10559,2268573,3
10559,1673185,4
10559,2237185,4
10559,2439493,1
10559,2541385,4
10559,1902838,4
10559,71594,2
10559,647979,4
10559,789014,1
10559,16272,3
10559,752642,3
10559,387418,1
10559,1663888,5
10559,1461435,1
10559,1639792,1
5489,1977959,3
5489,1673185,3
5489,1792741,3
5489,2237185,3
5489,1139570,4
5489,2439493,1
5489,238740,2
5489,1473980,2
5489,1028463,5
5489,1876520,1
5489,1664010,4
5489,1298511,3
5489,71594,3
5489,2291306,5
5489,1146000,2
5489,2256485,1
5489,647979,3
5489,1299887,3
5489,798296,2
5489,16272,2
5489,305344,4
5489,752642,2
5489,2118461,4
5489,387418,1
5489,1061195,3
5489,1663888,4
5489,1461435,3
5489,1037245,3
5489,57633,2
5489,2143500,2
5489,1300759,4
5076,303948,4
5076,525356,1
5076,1509395,3
5076,883478,3
5076,235789,4
5076,1314869,4
5076,2062350,5
5076,1139570,2
5076,2439493,1
5076,530789,3
5076,2040859,1
5076,1110156,2
5076,1028463,5
5076,1903324,1
5076,2541385,4
5076,595778,4
5076,1664010,5
5076,2514777,5
5076,491531,5
5076,2606799,5
5076,1146000,2
5076,716173,5
5076,305344,2
5076,1710658,2
5076,1403217,2
5076,555528,3
5076,2056022,3
5076,1745107,3
5076,1806515,4
5076,2118461,5
5076,387418,2
5076,1061195,3
5076,1663888,1
5076,1461435,1
5076,1639792,1
5076,2238060,5
5076,1852040,3
859,2625420,3
859,1977959,3
859,2268573,2
859,303948,4
859,1673185,2
859,1227322,2
859,786312,3
859,525356,4
859,1509395,3
859,1927580,1
859,883478,4
859,235789,5
859,1792741,2
859,1314869,4
859,636262,1
859,2237185,4
859,1166912,3
859,2062350,1
859,1139570,3
859,2439493,1
859,530789,3
859,238740,3
859,1563935,2
859,1473980,3
859,1110156,5
859,1028463,4
859,2541385,3
859,595778,1
859,184705,3
859,322009,3
859,1470123,2
859,1664010,5
859,1902838,2
859,2514777,5
859,1298511,4
859,1935793,2
859,71594,2
859,2291306,2
859,491531,5
859,2519299,3
859,2606799,2
859,2256485,3
859,716173,4
859,1299887,3
859,798296,1
859,682963,3
859,16272,2
859,319058,1
859,305344,3
859,1710658,2
859,1403217,4
859,447759,5
859,2150746,3
859,2315012,1
859,402266,2
859,752642,2
859,2056022,2
859,1745107,3
859,2176465,3
859,1519378,4
859,1806515,3
859,2118461,5
859,2061495,4
859,387418,1
859,397212,4
859,1114324,4
859,1932594,2
859,794999,5
859,958687,4
859,1061195,5
859,1663888,4
859,1461435,2
859,1037245,4
859,1639792,1
859,57633,2
859,2143500,2
859,2460347,1
859,1002509,4
859,1852040,4
859,1612901,5
859,629389,3
859,188613,4
11573,2625420,2
11573,1977959,4
11573,303948,5
11573,1673185,4
11573,1227322,3
11573,786312,1
11573,525356,4
11573,1509395,4
11573,1927580,3
11573,727242,4
11573,2329026,4
11573,1792741,5
11573,1314869,4
11573,636262,1
11573,2237185,5
11573,1166912,2
11573,2062350,5
11573,1139570,4
11573,2439493,1
11573,530789,5
11573,238740,4
11573,1473980,3
11573,1110156,4
11573,1028463,4
11573,952156,4
11573,2457095,4
11573,2541385,3
11573,595778,5
11573,322009,4
11573,1470123,3
11573,1664010,5
11573,1902838,3
11573,2514777,5
11573,1298511,5
11573,1935793,5
11573,71594,4
11573,2291306,4
11573,491531,5
11573,2519299,5
11573,2606799,3
11573,1146000,4
11573,647979,5
11573,2256485,3
11573,716173,5
11573,1299887,4
11573,789014,3
11573,798296,5
11573,682963,4
11573,16272,4
11573,319058,3
11573,305344,5
11573,1710658,3
11573,1403217,2
11573,447759,5
11573,2150746,5
11573,2315012,3
11573,402266,5
11573,752642,3
11573,555528,4
11573,2056022,2
11573,1745107,5
11573,1519378,3
11573,2118461,4
11573,2061495,4
11573,387418,1
11573,397212,5
11573,1114324,5
11573,794999,5
11573,958687,4
11573,1061195,5
11573,1461435,3
11573,1037245,4
11573,1639792,4
11573,57633,4
11573,2143500,5
11573,2238060,5
11573,1852040,5
11573,1612901,5
11573,629389,4
11573,188613,5
11573,1300759,5
6328,2625420,2
6328,2268573,2
6328,303948,4
6328,1227322,1
6328,525356,1
6328,1509395,3
6328,1927580,1
6328,727242,1
6328,235789,4
6328,1792741,2
6328,636262,4
6328,2237185,2
6328,2062350,5
6328,2439493,1
6328,2040859,1
6328,1110156,2
6328,1028463,1
6328,952156,2
6328,2457095,3
6328,2541385,4
6328,595778,2
6328,507603,1
6328,341649,3
6328,1470123,4
6328,1664010,4
6328,1298511,2
6328,2291306,1
6328,491531,2
6328,2519299,2
6328,2606799,2
6328,716173,3
6328,789014,2
6328,682963,3
6328,16272,1
6328,319058,2
6328,305344,4
6328,1710658,2
6328,402266,3
6328,555528,2
6328,2118461,5
6328,387418,3
6328,397212,1
6328,1932594,1
6328,794999,5
6328,1061195,3
6328,1663888,1
6328,1461435,1
6328,1639792,1
6328,2460347,1
6328,2238060,2
6328,1852040,3
3184,1977959,4
3184,2268573,2
3184,1673185,3
3184,786312,3
3184,1001129,2
3184,1314869,2
3184,1166912,2
3184,2062350,4
3184,1139570,3
3184,2439493,1
3184,530789,4
3184,238740,2
3184,2040859,1
3184,952156,3
3184,1903324,1
3184,2457095,3
3184,1876520,4
3184,184705,3
3184,322009,3
3184,1664010,5
3184,1902838,3
3184,1298511,3
3184,1935793,1
3184,1299887,2
3184,789014,1
3184,682963,3
3184,319058,3
3184,305344,3
3184,1710658,2
3184,2150746,4
3184,402266,3
3184,2118461,4
3184,387418,2
3184,1932594,1
3184,794999,5
3184,1663888,5
3184,1461435,1
3184,1037245,5
3184,1639792,1
3184,57633,2
3184,2143500,3
3184,2460347,4
3184,1852040,2
3184,1612901,3
3184,2634967,1
7543,2625420,2
7543,525356,4
7543,1314869,4
7543,2439493,1
7543,1563935,1
7543,507603,1
7543,1664010,4
7543,2606799,2
7543,305344,1
7543,2118461,5
7543,387418,2
7543,2634967,1
9857,2625420,2
9857,1977959,3
9857,1673185,3
9857,2329026,5
9857,1314869,3
9857,2439493,1
9857,530789,4
9857,1028463,5
9857,1876520,3
9857,2541385,5
9857,507603,1
9857,341649,3
9857,1470123,1
9857,1664010,5
9857,1298511,1
9857,1935793,3
9857,71594,2
9857,2606799,4
9857,1146000,2
9857,682963,3
9857,305344,1
9857,402266,4
9857,752642,1
9857,555528,5
9857,1806515,3
9857,2118461,4
9857,387418,1
9857,1932594,3
9857,1061195,3
9857,1663888,3
9857,1461435,4
9857,1037245,3
9857,1639792,1
9857,2143500,3
9857,1612901,3
9857,188613,3
9857,1300759,4
438,2625420,2
438,1977959,3
438,2268573,1
438,303948,4
438,1673185,3
438,1227322,3
438,1927580,3
438,727242,1
438,1314869,3
438,636262,5
438,2237185,4
438,2439493,2
438,1563935,1
438,1473980,4
438,1028463,5
438,952156,1
438,1903324,1
438,595778,4
438,184705,3
438,507603,1
438,341649,2
438,322009,3
438,1470123,3
438,1664010,5
438,2514777,4
438,491531,1
438,2606799,2
438,716173,4
438,1299887,4
438,789014,3
438,798296,1
438,682963,3
438,16272,2
438,319058,2
438,305344,1
438,2150746,3
438,402266,1
438,752642,1
438,1745107,4
438,2176465,1
438,2118461,4
438,2061495,2
438,387418,2
438,397212,2
438,1932594,2
438,794999,5
438,958687,4
438,1061195,5
438,1663888,1
438,1037245,3
438,1639792,1
438,2143500,2
438,2460347,1
438,2238060,2
438,1852040,2
438,1612901,2
438,629389,3
438,188613,2
438,1300759,3
9359,2625420,2
9359,1977959,4
9359,303948,3
9359,1673185,3
9359,1227322,4
9359,1509395,5
9359,1927580,1
9359,883478,4
9359,235789,4
9359,1792741,2
9359,1314869,3
9359,636262,4
9359,2237185,4
9359,1139570,4
9359,2439493,1
9359,530789,5
9359,238740,2
9359,1473980,4
9359,1028463,4
9359,2457095,2
9359,595778,5
9359,184705,3
9359,507603,1
9359,341649,1
9359,322009,3
9359,1470123,4
9359,1664010,5
9359,2606799,5
9359,2256485,3
9359,716173,5
9359,1299887,2
9359,789014,2
9359,682963,4
9359,16272,3
9359,319058,2
9359,305344,1
9359,1710658,4
9359,1403217,2
9359,2315012,1
9359,402266,3
9359,752642,3
9359,555528,4
9359,1745107,4
9359,2176465,2
9359,1519378,4
9359,1806515,3
9359,2118461,5
9359,2061495,4
9359,387418,1
9359,1114324,3
9359,397212,2
9359,1932594,2
9359,1061195,1
9359,958687,3
9359,1663888,3
9359,1461435,1
9359,1037245,4
9359,2143500,1
9359,1002509,1
9359,2238060,5
9359,1852040,3
9359,1612901,1
9359,629389,2
9359,1300759,3
6692,1977959,5
6692,2268573,3
6692,303948,3
6692,1673185,3
6692,1227322,2
6692,525356,1
6692,1509395,4
6692,1001129,2
6692,1927580,2
6692,727242,1
6692,883478,3
6692,235789,4
6692,1792741,4
6692,1314869,4
6692,636262,4
6692,2237185,2
6692,1166912,3
6692,2062350,4
6692,1139570,4
6692,2439493,4
6692,530789,3
6692,238740,3
6692,1473980,3
6692,2040859,4
6692,1110156,3
6692,1028463,4
6692,952156,1
6692,1903324,5
6692,2457095,3
6692,1876520,3
6692,2541385,4
6692,595778,4
6692,184705,4
6692,507603,1
6692,341649,2
6692,322009,4
6692,1664010,5
6692,1902838,2
6692,2514777,2
6692,1298511,2
6692,1935793,2
6692,71594,5
6692,2291306,1
6692,491531,4
6692,2519299,3
6692,2606799,4
6692,1146000,3
6692,647979,2
6692,2256485,3
6692,716173,4
6692,1299887,2
6692,789014,3
6692,682963,4
6692,16272,3
6692,305344,3
6692,1710658,5
6692,1403217,3
6692,2147527,4
6692,447759,5
6692,2150746,4
6692,2315012,5
6692,402266,3
6692,752642,2
6692,2056022,4
6692,1745107,5
6692,2176465,3
6692,1519378,3
6692,1806515,3
6692,2118461,5
6692,2061495,4
6692,387418,3
6692,397212,3
6692,1114324,4
6692,1932594,4
6692,794999,5
6692,958687,5
6692,1061195,1
6692,1663888,1
6692,1461435,3
6692,1037245,3
6692,1639792,1
6692,57633,3
6692,2143500,3
6692,2460347,2
6692,1002509,3
6692,2238060,5
6692,1852040,1
6692,1612901,3
6692,629389,2
6692,188613,4
6692,2634967,3
6692,1300759,4
12326,727242,1
12326,1792741,3
12326,2439493,1
12326,1563935,1
12326,2040859,1
12326,2457095,2
12326,1664010,4
12326,2606799,1
12326,2256485,1
12326,789014,2
12326,305344,4
12326,447759,5
12326,2150746,2
12326,402266,4
12326,2118461,4
12326,387418,2
12326,1663888,4
12326,1639792,3
16889,2268573,3
16889,1673185,4
16889,786312,3
16889,1927580,3
16889,727242,1
16889,235789,3
16889,2329026,4
16889,1792741,1
16889,1314869,3
16889,2237185,5
16889,1139570,3
16889,2439493,1
16889,530789,2
16889,1028463,1
16889,2457095,2
16889,2541385,3
16889,341649,1
16889,322009,4
16889,1902838,3
16889,1298511,3
16889,1935793,4
16889,71594,2
16889,2291306,4
16889,491531,1
16889,2606799,2
16889,1146000,2
16889,647979,4
16889,716173,5
16889,1299887,4
16889,789014,1
16889,798296,4
16889,682963,3
16889,16272,2
16889,319058,3
16889,305344,1
16889,1403217,2
16889,2150746,4
16889,2315012,1
16889,752642,2
16889,2056022,1
16889,2061495,3
16889,387418,1
16889,794999,5
16889,958687,4
16889,1061195,4
16889,1663888,5
16889,1461435,1
16889,1639792,4
16889,57633,3
16889,2143500,2
16889,1002509,1
16889,2238060,3
16889,629389,2
16889,188613,2
16889,1300759,5
15702,2625420,5
15702,1977959,5
15702,2268573,2
15702,303948,4
15702,1673185,4
15702,1227322,3
15702,525356,2
15702,1509395,4
15702,1927580,5
15702,727242,2
15702,883478,4
15702,235789,4
15702,2329026,4
15702,1792741,4
15702,1314869,5
15702,636262,3
15702,2237185,5
15702,1166912,3
15702,2062350,4
15702,1139570,5
15702,2439493,1
15702,530789,5
15702,238740,4
15702,1563935,4
15702,1473980,5
15702,1110156,5
15702,1028463,5
15702,952156,3
15702,2457095,4
15702,1876520,2
15702,2541385,4
15702,595778,4
15702,184705,5
15702,507603,4
15702,341649,4
15702,322009,5
15702,1470123,5
15702,1664010,5
15702,1902838,3
15702,2514777,5
15702,1298511,5
15702,1935793,5
15702,71594,4
15702,2291306,4
15702,491531,4
15702,2519299,5
15702,2606799,4
15702,1146000,4
15702,647979,4
15702,2256485,2
15702,716173,5
15702,1299887,4
15702,789014,3
15702,798296,3
15702,682963,4
15702,16272,4
15702,305344,5
15702,1710658,5
15702,1403217,5
15702,2147527,2
15702,447759,5
15702,2150746,5
15702,2315012,5
15702,402266,5
15702,752642,5
15702,555528,4
15702,2056022,3
15702,1745107,4
15702,1519378,4
15702,2118461,4
15702,2061495,4
15702,387418,3
15702,397212,5
15702,1114324,4
15702,1932594,4
15702,794999,5
15702,958687,4
15702,1061195,5
15702,1461435,4
15702,1037245,5
15702,1639792,5
15702,57633,5
15702,2143500,3
15702,2460347,1
15702,2238060,5
15702,1852040,2
15702,1612901,5
15702,629389,4
15702,188613,4
15702,2634967,3
15702,1300759,5
14593,2625420,2
14593,2268573,1
14593,303948,4
14593,786312,1
14593,1509395,4
14593,1001129,3
14593,1927580,2
14593,727242,1
14593,883478,4
14593,235789,4
14593,2329026,2
14593,1792741,2
14593,1314869,2
14593,636262,3
14593,2237185,3
14593,2062350,2
14593,1139570,3
14593,2439493,1
14593,530789,4
14593,238740,2
14593,1473980,4
14593,1110156,3
14593,1903324,2
14593,2457095,3
14593,1876520,2
14593,2541385,4
14593,595778,4
14593,184705,3
14593,507603,1
14593,322009,3
14593,1664010,5
14593,1902838,1
14593,1298511,3
14593,1935793,3
14593,71594,3
14593,2291306,1
14593,491531,4
14593,2519299,3
14593,2606799,2
14593,1146000,1
14593,716173,5
14593,1299887,3
14593,789014,2
14593,682963,3
14593,16272,3
14593,319058,4
14593,305344,2
14593,1710658,4
14593,447759,5
14593,2315012,2
14593,402266,3
14593,752642,2
14593,555528,2
14593,2056022,2
14593,1745107,4
14593,2176465,2
14593,1519378,3
14593,2118461,4
14593,1806515,3
14593,387418,2
14593,1114324,4
14593,1932594,3
14593,958687,3
14593,1061195,1
14593,1663888,2
14593,1461435,1
14593,1037245,4
14593,1639792,1
14593,57633,3
14593,2143500,2
14593,2460347,1
14593,1002509,3
14593,2238060,5
14593,1852040,1
14593,2634967,3
14593,1300759,3
14354,303948,4
14354,235789,2
14354,1166912,2
14354,2439493,1
14354,1876520,1
14354,507603,1
14354,1664010,3
14354,491531,5
14354,2606799,2
14354,798296,1
14354,305344,2
14354,1710658,2
14354,447759,5
14354,752642,1
14354,2118461,3
14354,387418,2
14354,1114324,3
14354,794999,5
14354,1061195,3
14354,1639792,1
11818,1977959,4
11818,1673185,3
11818,2329026,4
11818,1792741,5
11818,2237185,4
11818,2062350,5
11818,1139570,4
11818,2439493,5
11818,2541385,4
11818,595778,4
11818,507603,3
11818,341649,2
11818,1902838,2
11818,1298511,3
11818,71594,3
11818,491531,4
11818,1146000,4
11818,647979,4
11818,1299887,3
11818,789014,2
11818,798296,3
11818,16272,2
11818,305344,2
11818,752642,3
11818,555528,5
11818,2118461,5
11818,387418,1
11818,397212,3
11818,958687,4
11818,1663888,3
11818,1639792,1
11818,57633,5
11818,188613,3
16257,303948,4
16257,525356,1
16257,1001129,2
16257,727242,1
16257,235789,3
16257,1314869,3
16257,1139570,2
16257,2439493,1
16257,1473980,3
16257,2457095,3
16257,507603,1
16257,1664010,3
16257,2291306,1
16257,491531,5
16257,16272,2
16257,305344,1
16257,447759,5
16257,2056022,2
16257,387418,2
16257,1639792,1
16257,629389,4
12955,1001129,2
12955,2439493,2
12955,1876520,2
12955,1664010,3
12955,305344,2
12955,2118461,3
12955,387418,2
12955,1114324,2
12955,1932594,4
12955,1639792,1
12955,2143500,3
12955,1852040,1
13839,1227322,1
13839,883478,4
13839,727242,1
13839,2439493,1
13839,1664010,3
13839,305344,1
13839,2315012,1
13839,2118461,1
13839,387418,2
13839,1663888,3
13839,1002509,1
1126,2625420,2
1126,727242,1
1126,2329026,5
1126,636262,1
1126,2237185,3
1126,2439493,1
1126,507603,2
1126,322009,3
1126,1470123,4
1126,1664010,5
1126,2606799,2
1126,1146000,2
1126,798296,4
1126,319058,2
1126,305344,1
1126,1403217,5
1126,2056022,2
1126,1519378,4
1126,2118461,4
1126,387418,1
1126,397212,4
1126,1663888,3
1126,1461435,5
11164,2625420,3
11164,1977959,5
11164,303948,2
11164,1673185,3
11164,1227322,1
11164,525356,1
11164,1509395,4
11164,1001129,2
11164,1927580,4
11164,727242,1
11164,883478,5
11164,235789,4
11164,2329026,4
11164,1792741,1
11164,1314869,3
11164,636262,1
11164,2062350,2
11164,1139570,4
11164,2439493,1
11164,1473980,2
11164,2040859,1
11164,1110156,3
11164,1028463,1
11164,952156,5
11164,1903324,5
11164,2457095,4
11164,1876520,3
11164,595778,1
11164,507603,1
11164,341649,5
11164,322009,3
11164,1664010,5
11164,1902838,3
11164,2514777,1
11164,71594,3
11164,491531,3
11164,2606799,2
11164,716173,4
11164,1299887,5
11164,789014,3
11164,798296,1
11164,16272,3
11164,319058,5
11164,305344,5
11164,1710658,3
11164,2147527,2
11164,2150746,4
11164,2315012,5
11164,555528,3
11164,2056022,3
11164,1745107,3
11164,2176465,3
11164,1519378,5
11164,2118461,5
11164,387418,1
11164,1114324,4
11164,794999,5
11164,958687,4
11164,1461435,2
11164,1037245,5
11164,1639792,4
11164,57633,1
11164,2460347,5
11164,1002509,1
11164,2238060,5
11164,1852040,1
11164,629389,1
11164,188613,4
11164,2634967,4
8912,786312,3
8912,525356,1
8912,1927580,4
8912,2439493,1
8912,2040859,1
8912,1664010,5
8912,682963,3
8912,305344,1
8912,2147527,1
8912,402266,4
8912,1806515,3
8912,2118461,5
8912,387418,2
8912,1663888,3
8912,1461435,1
8912,1639792,1
8912,57633,2
8912,2460347,1
8912,188613,4
7952,2625420,3
7952,1977959,4
7952,2268573,2
7952,303948,5
7952,1673185,3
7952,1227322,4
7952,525356,1
7952,1509395,4
7952,1001129,2
7952,1927580,4
7952,727242,1
7952,883478,5
7952,235789,5
7952,2329026,3
7952,1792741,3
7952,1314869,3
7952,2237185,4
7952,1166912,3
7952,2062350,4
7952,1139570,4
7952,2439493,1
7952,530789,4
7952,1563935,1
7952,2040859,1
7952,1028463,1
7952,952156,4
7952,1903324,1
7952,2457095,4
7952,1876520,1
7952,2541385,4
7952,184705,3
7952,507603,1
7952,341649,2
7952,1664010,5
7952,2514777,1
7952,1298511,2
7952,71594,4
7952,491531,3
7952,2519299,4
7952,2606799,4
7952,1146000,3
7952,647979,4
7952,2256485,3
7952,716173,5
7952,1299887,4
7952,682963,3
7952,16272,3
7952,305344,1
7952,1710658,4
7952,2147527,2
7952,447759,5
7952,752642,3
7952,555528,3
7952,1745107,4
7952,2056022,2
7952,1519378,1
7952,1806515,3
7952,2118461,5
7952,387418,1
7952,1114324,2
7952,958687,4
7952,1061195,4
7952,1461435,1
7952,1639792,2
7952,57633,3
7952,2238060,2
7952,1612901,4
7952,629389,4
7952,1300759,5
13350,2625420,2
13350,1673185,3
13350,1001129,3
13350,727242,1
13350,2329026,4
13350,1792741,3
13350,636262,1
13350,2237185,3
13350,1166912,3
13350,2439493,1
13350,238740,3
13350,1473980,1
13350,1028463,1
13350,952156,3
13350,2457095,2
13350,595778,3
13350,184705,3
13350,322009,4
13350,1664010,4
13350,2291306,3
13350,491531,2
13350,2606799,1
13350,1146000,2
13350,2256485,2
13350,682963,4
13350,319058,3
13350,305344,2
13350,2315012,1
13350,402266,3
13350,752642,4
13350,555528,3
13350,1806515,3
13350,2118461,3
13350,2061495,3
13350,387418,2
13350,1114324,3
13350,794999,5
13350,1061195,4
13350,1663888,3
13350,1461435,1
13350,1037245,3
13350,1639792,1
13350,57633,2
13350,2143500,3
13350,2238060,2
13350,1852040,1
13350,1300759,4
7311,786312,3
7311,727242,1
7311,2439493,1
7311,1876520,1
7311,1298511,3
7311,491531,1
7311,319058,1
7311,305344,1
7311,387418,3
7311,1932594,1
7311,794999,5
7311,1061195,1
7311,1461435,1
7311,1852040,2
17463,1314869,4
17463,1166912,2
17463,2439493,1
17463,1876520,1
17463,507603,1
17463,1664010,4
17463,305344,2
17463,752642,1
17463,2056022,2
17463,2176465,2
17463,2118461,3
17463,387418,1
17463,1932594,2
17463,794999,5
17463,1461435,1
17463,1639792,1
17463,2143500,3
7306,786312,3
7306,525356,2
7306,1001129,2
7306,727242,1
7306,636262,1
7306,2439493,1
7306,1563935,3
7306,2040859,1
7306,507603,1
7306,1664010,4
7306,305344,2
7306,2147527,1
7306,2056022,2
7306,2176465,2
7306,2118461,5
7306,387418,1
7306,397212,1
7306,1461435,1
12497,2625420,3
12497,1977959,3
12497,2268573,2
12497,303948,4
12497,1673185,2
12497,786312,2
12497,1509395,5
12497,727242,2
12497,883478,5
12497,235789,3
12497,1792741,1
12497,1314869,4
12497,636262,4
12497,2062350,3
12497,1139570,3
12497,2439493,5
12497,238740,3
12497,1473980,5
12497,2040859,4
12497,1110156,3
12497,1028463,4
12497,952156,3
12497,1903324,5
12497,1876520,2
12497,2541385,4
12497,595778,5
12497,184705,5
12497,507603,2
12497,322009,3
12497,1470123,2
12497,1664010,5
12497,1902838,1
12497,2514777,3
12497,1298511,1
12497,1935793,3
12497,2291306,2
12497,491531,2
12497,2519299,3
12497,2606799,5
12497,1146000,1
12497,647979,2
12497,2256485,3
12497,716173,4
12497,1299887,4
12497,789014,3
12497,682963,3
12497,16272,3
12497,305344,2
12497,1710658,3
12497,1403217,2
12497,2147527,2
12497,2150746,5
12497,2315012,5
12497,402266,2
12497,752642,2
12497,555528,2
12497,2056022,3
12497,1745107,3
12497,2176465,4
12497,1519378,3
12497,1806515,3
12497,2118461,4
12497,2061495,4
12497,387418,5
12497,397212,4
12497,1114324,4
12497,1932594,2
12497,794999,5
12497,958687,2
12497,1061195,2
12497,1037245,4
12497,1639792,2
12497,57633,2
12497,2143500,3
12497,1002509,5
12497,2238060,5
12497,1852040,2
12497,629389,3
12497,188613,4
12497,2634967,2
8772,1227322,1
8772,1001129,2
8772,727242,1
8772,507603,2
8772,1664010,4
8772,305344,1
8772,2118461,3
8772,2061495,3
8772,387418,1
8772,1114324,3
8772,1037245,3
8772,2238060,3
7789,303948,3
7789,1227322,1
7789,235789,5
7789,1314869,2
7789,1166912,2
7789,2439493,1
7789,1473980,5
7789,595778,1
7789,1664010,5
7789,1902838,1
7789,2514777,1
7789,71594,2
7789,2519299,1
7789,491531,5
7789,2256485,2
7789,798296,1
7789,305344,2
7789,1403217,3
7789,447759,5
7789,402266,2
7789,752642,1
7789,2056022,1
7789,2176465,3
7789,1806515,1
7789,2118461,5
7789,387418,2
7789,1114324,4
7789,397212,5
7789,1932594,2
7789,1061195,5
7789,1461435,1
7789,1037245,3
7789,1639792,1
7789,1852040,1
10734,1977959,5
10734,2268573,1
10734,303948,4
10734,1673185,3
10734,1227322,3
10734,786312,4
10734,1509395,4
10734,1927580,3
10734,727242,1
10734,883478,3
10734,235789,4
10734,2329026,4
10734,1314869,3
10734,636262,1
10734,2237185,5
10734,1166912,1
10734,2062350,4
10734,1139570,3
10734,2439493,1
10734,530789,5
10734,238740,4
10734,1110156,4
10734,1028463,3
10734,952156,4
10734,1903324,3
10734,2457095,3
10734,1876520,2
10734,2541385,4
10734,595778,4
10734,184705,3
10734,341649,4
10734,322009,3
10734,1470123,5
10734,1664010,5
10734,1902838,2
10734,1298511,4
10734,1935793,4
10734,71594,3
10734,2291306,5
10734,491531,4
10734,2519299,5
10734,2606799,4
10734,1146000,2
10734,647979,4
10734,2256485,1
10734,716173,5
10734,1299887,5
10734,789014,1
10734,798296,5
10734,682963,4
10734,16272,3
10734,319058,3
10734,305344,5
10734,1403217,3
10734,2150746,4
10734,2315012,4
10734,402266,3
10734,752642,4
10734,2056022,2
10734,1745107,3
10734,2176465,2
10734,1519378,4
10734,2118461,4
10734,2061495,4
10734,387418,2
10734,397212,3
10734,1114324,3
10734,1932594,2
10734,794999,5
10734,958687,4
10734,1061195,5
10734,1663888,5
10734,1461435,4
10734,1037245,3
10734,1639792,4
10734,57633,4
10734,2143500,3
10734,2238060,5
10734,1612901,4
10734,188613,4
10734,1300759,4
11870,2625420,2
11870,2439493,1
11870,1876520,1
11870,1664010,3
11870,1298511,1
11870,2291306,3
11870,2256485,1
11870,789014,1
11870,305344,2
11870,2176465,1
11870,387418,2
11870,1114324,3
11870,1932594,3
11870,1461435,1
11870,1639792,1
11870,2634967,1
9214,2439493,1
9214,1563935,3
9214,1664010,3
9214,305344,2
9214,2118461,3
9214,387418,2
9214,1461435,1
9214,1639792,1
11702,2625420,3
11702,1977959,5
11702,2268573,2
11702,303948,3
11702,1673185,2
11702,786312,3
11702,525356,4
11702,1509395,4
11702,1001129,2
11702,1927580,4
11702,727242,1
11702,883478,5
11702,235789,4
11702,2329026,3
11702,1792741,1
11702,1314869,3
11702,636262,4
11702,2237185,3
11702,2062350,3
11702,2439493,1
11702,530789,5
11702,238740,3
11702,1563935,1
11702,1473980,3
11702,2040859,1
11702,952156,3
11702,1903324,3
11702,2457095,2
11702,2541385,3
11702,184705,3
11702,507603,1
11702,341649,1
11702,322009,4
11702,1470123,1
11702,1664010,5
11702,1902838,3
11702,2291306,4
11702,491531,5
11702,2519299,1
11702,647979,2
11702,716173,5
11702,1299887,5
11702,789014,2
11702,798296,3
11702,682963,4
11702,16272,3
11702,305344,2
11702,1710658,2
11702,1403217,3
11702,2150746,2
11702,2315012,5
11702,402266,4
11702,752642,3
11702,555528,4
11702,2056022,1
11702,1745107,3
11702,1519378,4
11702,1806515,4
11702,2118461,4
11702,2061495,3
11702,387418,1
11702,397212,3
11702,1114324,3
11702,1932594,2
11702,794999,5
11702,958687,4
11702,1061195,2
11702,1663888,5
11702,1037245,5
11702,1639792,3
11702,57633,3
11702,2143500,2
11702,1002509,3
11702,2238060,2
11702,1852040,3
11702,1612901,5
11702,629389,1
11702,188613,2
11702,2634967,3
11702,1300759,3
232,1977959,3
232,2268573,1
232,303948,4
232,1227322,1
232,1509395,5
232,235789,3
232,1792741,3
232,636262,4
232,2237185,3
232,1166912,2
232,2062350,3
232,1139570,3
232,530789,3
232,2439493,3
232,1473980,3
232,1110156,2
232,1028463,5
232,2457095,3
232,1876520,1
232,2541385,4
232,595778,2
232,184705,3
232,507603,1
232,341649,2
232,322009,3
232,1470123,1
232,1664010,5
232,1902838,3
232,2514777,3
232,71594,2
232,491531,2
232,2519299,2
232,2606799,3
232,647979,2
232,2256485,3
232,716173,4
232,789014,3
232,798296,1
232,16272,3
232,319058,2
232,305344,2
232,1710658,4
232,2150746,2
232,2315012,3
232,402266,3
232,752642,2
232,555528,4
232,2056022,3
232,1745107,4
232,2176465,3
232,1519378,3
232,1806515,2
232,2118461,5
232,387418,3
232,397212,2
232,1114324,3
232,1932594,2
232,1061195,4
232,1037245,4
232,1639792,3
232,57633,1
232,2143500,3
232,1002509,4
232,2238060,3
232,1852040,2
232,629389,3
232,188613,2
232,2634967,3
232,1300759,3
5784,2625420,2
5784,2439493,1
5784,2040859,1
5784,1664010,4
5784,1935793,1
5784,2256485,1
5784,1299887,4
5784,305344,1
5784,2056022,2
5784,387418,2
5784,1932594,1
5784,1852040,1
17603,1977959,3
17603,2268573,1
17603,303948,3
17603,1673185,2
17603,1227322,1
17603,786312,4
17603,1001129,2
17603,1927580,4
17603,883478,3
17603,235789,5
17603,2329026,1
17603,1792741,1
17603,1314869,5
17603,636262,3
17603,1166912,3
17603,2062350,2
17603,1139570,2
17603,2439493,1
17603,530789,1
17603,1473980,5
17603,2040859,1
17603,1110156,3
17603,1028463,5
17603,2541385,3
17603,595778,1
17603,184705,5
17603,341649,2
17603,322009,3
17603,1470123,2
17603,1664010,5
17603,1902838,1
17603,2514777,3
17603,1935793,3
17603,71594,2
17603,2291306,1
17603,2519299,3
17603,491531,1
17603,2606799,4
17603,2256485,3
17603,647979,1
17603,716173,3
17603,1299887,4
17603,798296,2
17603,305344,4
17603,1403217,3
17603,447759,5
17603,2150746,2
17603,2315012,1
17603,402266,1
17603,752642,1
17603,2056022,3
17603,1745107,3
17603,2176465,2
17603,2118461,5
17603,387418,3
17603,397212,2
17603,1114324,4
17603,1932594,2
17603,794999,5
17603,958687,3
17603,1061195,5
17603,1663888,1
17603,1461435,1
17603,1037245,3
17603,1639792,1
17603,57633,2
17603,2460347,1
17603,1002509,1
17603,2238060,5
17603,1852040,4
17603,1612901,2
17603,629389,3
17603,2634967,2
3619,2625420,2
3619,1792741,2
3619,1314869,1
3619,2439493,1
3619,238740,3
3619,952156,4
3619,1903324,1
3619,1664010,3
3619,71594,2
3619,2291306,2
3619,1146000,3
3619,2256485,1
3619,305344,4
3619,387418,2
3619,1663888,3
3619,1461435,1
3619,1639792,1
3619,1612901,4
5722,2625420,2
5722,303948,3
5722,727242,1
5722,1314869,3
5722,2439493,1
5722,1563935,1
5722,1876520,1
5722,507603,1
5722,1664010,5
5722,1298511,3
5722,2291306,1
5722,789014,1
5722,798296,2
5722,319058,3
5722,305344,2
5722,2147527,1
5722,752642,1
5722,2056022,2
5722,2118461,5
5722,387418,2
5722,1932594,1
5722,1461435,1
5722,1639792,1
5722,188613,2
5722,2634967,1
927,2625420,2
927,1792741,1
927,636262,1
927,2439493,3
927,1563935,1
927,184705,3
927,1664010,5
927,2606799,3
927,2256485,1
927,305344,1
927,2118461,5
927,387418,1
927,1461435,1
927,1037245,2
12228,2625420,2
12228,1977959,4
12228,2268573,2
12228,303948,3
12228,1509395,4
12228,1927580,1
12228,883478,4
12228,235789,5
12228,1314869,2
12228,636262,4
12228,2062350,4
12228,2439493,1
12228,530789,3
12228,1473980,3
12228,2040859,1
12228,1028463,5
12228,952156,3
12228,1876520,1
12228,2541385,3
12228,184705,3
12228,507603,1
12228,341649,2
12228,322009,2
12228,1470123,1
12228,1664010,5
12228,1902838,2
12228,2514777,1
12228,491531,2
12228,2519299,2
12228,2606799,5
12228,647979,1
12228,716173,5
12228,798296,1
12228,682963,3
12228,16272,2
12228,305344,1
12228,1710658,2
12228,447759,5
12228,2150746,1
12228,752642,1
12228,1745107,3
12228,2176465,2
12228,1519378,3
12228,1806515,3
12228,2118461,4
12228,387418,2
12228,397212,3
12228,1114324,4
12228,794999,5
12228,1461435,1
12228,1639792,1
12228,57633,1
12228,2143500,2
12228,1002509,1
12228,2238060,5
12228,2634967,1
1104,1977959,4
1104,2268573,1
1104,303948,5
1104,1673185,2
1104,1227322,2
1104,1509395,1
1104,1001129,2
1104,1927580,2
1104,727242,1
1104,883478,3
1104,235789,5
1104,1792741,2
1104,1314869,3
1104,2237185,4
1104,1166912,3
1104,1139570,3
1104,2439493,1
1104,530789,4
1104,1110156,3
1104,1903324,1
1104,2457095,3
1104,2541385,3
1104,595778,3
1104,507603,1
1104,341649,1
1104,322009,3
1104,1664010,5
1104,1902838,1
1104,2514777,3
1104,1298511,4
1104,1935793,3
1104,71594,2
1104,2291306,2
1104,491531,2
1104,2519299,2
1104,2606799,5
1104,1146000,1
1104,647979,2
1104,716173,4
1104,1299887,2
1104,789014,2
1104,798296,1
1104,16272,4
1104,319058,1
1104,305344,3
1104,1710658,3
1104,1403217,4
1104,447759,5
1104,402266,3
1104,752642,2
1104,555528,2
1104,2056022,2
1104,1745107,3
1104,2176465,1
1104,1519378,4
1104,2118461,5
1104,2061495,3
1104,387418,3
1104,397212,3
1104,1114324,3
1104,958687,3
1104,1061195,3
1104,1663888,5
1104,1639792,1
1104,57633,1
1104,2143500,2
1104,2238060,3
1104,1852040,2
1104,1612901,2
1104,629389,4
1104,188613,4
1104,2634967,3
1104,1300759,4
2712,2625420,3
2712,1977959,4
2712,2268573,2
2712,303948,3
2712,1673185,2
2712,1227322,2
2712,786312,3
2712,1509395,3
2712,1001129,2
2712,1927580,2
2712,883478,4
2712,235789,5
2712,1792741,2
2712,1314869,4
2712,636262,4
2712,2237185,4
2712,1166912,3
2712,1139570,2
2712,2439493,1
2712,238740,3
2712,1473980,4
2712,1110156,4
2712,1903324,1
2712,2457095,4
2712,2541385,4
2712,595778,1
2712,184705,4
2712,341649,3
2712,322009,4
2712,1470123,2
2712,1664010,5
2712,1902838,2
2712,2514777,2
2712,1298511,4
2712,1935793,4
2712,71594,5
2712,2291306,2
2712,491531,4
2712,2519299,4
2712,2606799,2
2712,647979,1
2712,2256485,3
2712,716173,4
2712,1299887,3
2712,789014,2
2712,798296,4
2712,682963,3
2712,16272,2
2712,319058,4
2712,305344,3
2712,1710658,3
2712,1403217,4
2712,447759,5
2712,2150746,5
2712,402266,5
2712,752642,2
2712,2056022,4
2712,1806515,3
2712,2118461,5
2712,2061495,4
2712,387418,2
2712,397212,5
2712,1114324,3
2712,1932594,3
2712,958687,4
2712,1061195,3
2712,1663888,5
2712,1461435,1
2712,1037245,4
2712,1639792,1
2712,57633,1
2712,2143500,3
2712,2238060,4
2712,1852040,4
2712,1612901,4
2712,629389,4
2712,188613,3
2712,2634967,3
2712,1300759,4
2047,1977959,2
2047,2268573,2
2047,303948,4
2047,1673185,2
2047,1227322,1
2047,786312,3
2047,1001129,2
2047,1927580,2
2047,883478,4
2047,235789,5
2047,2329026,1
2047,1792741,1
2047,1314869,4
2047,636262,1
2047,2237185,4
2047,1166912,3
2047,1139570,3
2047,530789,3
2047,2439493,1
2047,1473980,5
2047,2040859,1
2047,1110156,3
2047,1028463,5
2047,952156,1
2047,2457095,3
2047,1876520,1
2047,595778,1
2047,184705,3
2047,322009,4
2047,1470123,3
2047,1664010,5
2047,1902838,1
2047,2514777,1
2047,1298511,2
2047,1935793,3
2047,71594,4
2047,491531,2
2047,2519299,2
2047,647979,1
2047,2256485,3
2047,716173,3
2047,1299887,2
2047,789014,1
2047,798296,2
2047,16272,3
2047,319058,1
2047,305344,3
2047,1710658,3
2047,1403217,1
2047,447759,5
2047,752642,1
2047,555528,1
2047,2056022,2
2047,1745107,2
2047,1806515,2
2047,2118461,5
2047,387418,2
2047,397212,2
2047,1114324,4
2047,1932594,3
2047,958687,3
2047,1061195,5
2047,1663888,5
2047,1037245,4
2047,1639792,1
2047,57633,2
2047,2143500,3
2047,2460347,1
2047,1002509,1
2047,2238060,2
2047,1852040,3
2047,1612901,3
2047,629389,3
2047,188613,2
868,786312,3
868,1001129,2
868,2439493,1
868,1028463,1
868,952156,2
868,1876520,1
868,1470123,3
868,1664010,5
868,1935793,1
868,305344,1
868,1403217,2
868,2147527,1
868,2118461,4
868,387418,2
868,1663888,3
868,1461435,1
868,1037245,3
868,1639792,1
868,57633,4
868,1300759,4
3540,1227322,1
3540,1001129,2
3540,235789,3
3540,1314869,3
3540,2237185,2
3540,1166912,2
3540,2439493,1
3540,1110156,2
3540,2457095,2
3540,1664010,4
3540,2291306,1
3540,491531,3
3540,2519299,2
3540,789014,1
3540,798296,1
3540,305344,2
3540,447759,5
3540,752642,1
3540,1806515,1
3540,387418,1
3540,1114324,3
3540,1932594,2
3540,1061195,2
3540,1639792,1
3540,1612901,3
3540,1300759,3
12250,1977959,5
12250,303948,4
12250,1673185,5
12250,2329026,3
12250,1314869,1
12250,1792741,3
12250,2439493,1
12250,530789,5
12250,238740,3
12250,595778,3
12250,507603,1
12250,1664010,5
12250,2606799,2
12250,1146000,3
12250,1299887,5
12250,682963,3
12250,305344,1
12250,1710658,2
12250,2150746,3
12250,2315012,3
12250,2056022,2
12250,1806515,3
12250,2118461,4
12250,387418,1
12250,1114324,3
12250,1932594,2
12250,794999,5
12250,1663888,3
12250,1461435,1
12250,1037245,3
12250,57633,5
12250,2143500,4
8402,1509395,3
8402,1001129,3
8402,727242,1
8402,2439493,1
8402,1664010,3
8402,305344,1
8402,2118461,3
8402,387418,1
8402,1114324,3
8402,1663888,3
8402,1461435,1
14580,883478,2
14580,2439493,1
14580,1563935,1
14580,952156,2
14580,1664010,3
14580,798296,1
14580,305344,1
14580,2150746,2
14580,2118461,4
14580,387418,1
14580,1932594,1
14580,1461435,1
14580,2460347,1
14580,2634967,1
5618,1227322,3
5618,1001129,2
5618,1166912,2
5618,2439493,1
5618,1473980,3
5618,1664010,3
5618,2606799,3
5618,1299887,2
5618,305344,1
5618,2118461,3
5618,2061495,4
5618,387418,1
5618,1114324,2
5618,1002509,3
3435,235789,2
3435,1314869,3
3435,2237185,2
3435,2439493,1
3435,2040859,1
3435,1664010,2
3435,2291306,3
3435,798296,1
3435,305344,1
3435,387418,2
3435,1114324,1
3435,1061195,2
11824,1001129,3
11824,1927580,3
11824,1314869,1
11824,1792741,3
11824,530789,4
11824,2439493,1
11824,1563935,1
11824,1473980,1
11824,1664010,4
11824,491531,4
11824,16272,3
11824,305344,1
11824,2118461,4
11824,387418,1
11824,1461435,1
11824,1037245,3
2150,303948,5
2150,1227322,3
2150,1509395,3
2150,1001129,3
2150,883478,3
2150,235789,3
2150,2329026,2
2150,1792741,3
2150,1314869,4
2150,2237185,3
2150,2062350,5
2150,2439493,3
2150,530789,2
2150,238740,3
2150,1110156,3
2150,952156,3
2150,2457095,3
2150,2541385,4
2150,184705,3
2150,507603,1
2150,341649,2
2150,1664010,5
2150,1902838,3
2150,2514777,3
2150,1935793,3
2150,71594,3
2150,2291306,2
2150,491531,2
2150,2519299,3
2150,2606799,1
2150,1146000,1
2150,2256485,1
2150,716173,4
2150,798296,2
2150,16272,3
2150,305344,2
2150,1710658,4
2150,1403217,3
2150,752642,2
2150,555528,4
2150,1745107,3
2150,2056022,3
2150,2176465,1
2150,1519378,3
2150,1806515,3
2150,2118461,5
2150,387418,3
2150,397212,3
2150,1114324,3
2150,794999,5
2150,1932594,2
2150,1061195,4
2150,1663888,3
2150,1461435,1
2150,1639792,1
2150,2460347,1
2150,2238060,5
2150,1852040,1
2150,1612901,2
2150,629389,3
2150,1300759,3
2150,2634967,1
16288,2625420,1
16288,303948,3
16288,1227322,1
16288,525356,1
16288,1509395,4
16288,1001129,2
16288,727242,1
16288,235789,4
16288,1314869,3
16288,2062350,1
16288,2439493,1
16288,530789,2
16288,1473980,5
16288,322009,2
16288,1664010,5
16288,2514777,5
16288,491531,1
16288,2606799,4
16288,1146000,1
16288,2256485,2
16288,716173,3
16288,789014,2
16288,798296,2
16288,16272,2
16288,305344,3
16288,1403217,1
16288,447759,5
16288,2150746,1
16288,2315012,1
16288,752642,1
16288,555528,3
16288,2118461,5
16288,2061495,3
16288,387418,3
16288,794999,5
16288,1461435,1
16288,1639792,1
16288,1002509,1
16288,2238060,5
16288,1852040,1
16288,2634967,1
4222,2625420,2
4222,525356,2
4222,727242,1
4222,1792741,1
4222,1314869,5
4222,2439493,1
4222,1563935,1
4222,1028463,5
4222,1903324,1
4222,2457095,1
4222,1470123,1
4222,1664010,5
4222,1298511,1
4222,71594,5
4222,2606799,5
4222,2256485,1
4222,798296,1
4222,305344,2
4222,2147527,1
4222,2315012,1
4222,2176465,1
4222,2118461,5
4222,387418,1
4222,1461435,1
4222,1639792,1
4222,2460347,1
4222,1002509,1
4222,629389,1
4222,2634967,1
3304,1977959,2
3304,1001129,3
3304,1927580,3
3304,235789,3
3304,1314869,3
3304,2439493,1
3304,530789,4
3304,238740,3
3304,1473980,2
3304,341649,3
3304,1664010,5
3304,2519299,3
3304,491531,1
3304,1299887,3
3304,305344,1
3304,1403217,2
3304,447759,5
3304,2056022,2
3304,1806515,3
3304,2118461,5
3304,387418,2
3304,1114324,3
3304,1932594,2
3304,1061195,3
3304,1663888,3
3304,1037245,3
3304,2238060,2
3304,1852040,2
3304,1612901,4
3304,188613,3
3172,1673185,3
3172,1001129,3
3172,727242,1
3172,1314869,3
3172,636262,1
3172,2237185,4
3172,2439493,1
3172,1563935,1
3172,1473980,1
3172,2040859,1
3172,952156,3
3172,507603,2
3172,1664010,5
3172,2514777,4
3172,1935793,1
3172,2606799,2
3172,682963,4
3172,319058,5
3172,305344,1
3172,1710658,3
3172,1403217,2
3172,2147527,1
3172,752642,2
3172,1519378,4
3172,1806515,3
3172,2118461,5
3172,387418,1
3172,1114324,4
3172,1932594,2
3172,1663888,5
3172,2460347,1
3172,1002509,1
11029,1977959,2
11029,2268573,2
11029,786312,2
11029,727242,1
11029,2329026,3
11029,1314869,2
11029,2237185,3
11029,1139570,3
11029,2439493,1
11029,1110156,2
11029,952156,2
11029,1903324,1
11029,507603,1
11029,1664010,5
11029,1902838,2
11029,2291306,2
11029,491531,2
11029,647979,2
11029,716173,3
11029,789014,1
11029,798296,2
11029,305344,2
11029,1710658,2
11029,2150746,2
11029,752642,1
11029,2056022,3
11029,1519378,4
11029,1806515,3
11029,2118461,3
11029,2061495,2
11029,387418,4
11029,397212,3
11029,1663888,1
11029,1037245,3
11029,1639792,3
11029,57633,3
11029,2143500,3
11029,2460347,1
11029,1002509,1
11029,2238060,2
11029,1852040,1
11029,1612901,3
11029,188613,2
11029,1300759,4
10837,2625420,2
10837,786312,3
10837,525356,1
10837,1927580,3
10837,727242,1
10837,2237185,4
10837,2439493,1
10837,1903324,1
10837,2457095,1
10837,1664010,5
10837,1935793,3
10837,2291306,5
10837,1146000,4
10837,2256485,1
10837,319058,5
10837,305344,1
10837,1710658,3
10837,1806515,3
10837,2118461,5
10837,387418,2
10837,1932594,1
10837,1663888,3
10837,1639792,4
10837,57633,4
10837,2143500,1
5138,525356,1
5138,1001129,2
5138,727242,1
5138,636262,1
5138,2439493,1
5138,1563935,1
5138,1028463,5
5138,507603,1
5138,322009,3
5138,1664010,5
5138,1935793,1
5138,2606799,5
5138,2256485,1
5138,305344,2
5138,2150746,4
5138,752642,1
5138,2176465,1
5138,1806515,3
5138,2118461,5
5138,387418,1
5138,1114324,4
5138,397212,1
5138,1932594,2
5138,1061195,5
5138,1461435,1
5138,2634967,1
17337,1227322,1
17337,305344,1
17337,1710658,3
17337,2056022,3
17337,2118461,4
17337,1114324,4
7351,2268573,1
7351,1227322,1
7351,786312,1
7351,525356,1
7351,1927580,1
7351,727242,1
7351,2062350,4
7351,2439493,1
7351,530789,1
7351,952156,1
7351,507603,1
7351,1664010,3
7351,2291306,1
7351,2606799,1
7351,1146000,1
7351,647979,2
7351,716173,3
7351,682963,3
7351,319058,1
7351,305344,1
7351,1403217,1
7351,2118461,4
7351,2061495,3
7351,387418,2
7351,794999,5
7351,958687,2
7351,1061195,3
7351,1461435,1
7351,1639792,1
13403,786312,3
13403,1001129,3
13403,1792741,3
13403,2439493,1
13403,1664010,4
13403,305344,1
13403,2147527,1
13403,2118461,4
13403,387418,1
13403,794999,5
13403,1663888,3
13403,1461435,1
13403,1300759,4
15811,1977959,4
15811,303948,3
15811,1227322,1
15811,786312,4
15811,2439493,1
15811,1664010,3
15811,1902838,3
15811,2291306,2
15811,2606799,2
15811,716173,3
15811,789014,2
15811,798296,2
15811,682963,3
15811,305344,2
15811,1403217,1
15811,752642,2
15811,2056022,3
15811,2118461,3
15811,387418,2
15811,794999,5
15811,1461435,1
15811,1639792,1
15811,57633,3
15811,2460347,1
4785,786312,3
4785,1792741,1
4785,2439493,1
4785,1563935,1
4785,2040859,1
4785,952156,3
4785,1903324,1
4785,1664010,4
4785,1298511,3
4785,2606799,1
4785,2256485,1
4785,789014,1
4785,305344,2
4785,2147527,1
4785,752642,2
4785,2056022,2
4785,2118461,4
4785,387418,1
4785,794999,5
4785,1932594,1
4785,1663888,3
4785,1461435,1
4785,1639792,1
4785,629389,2
4785,2634967,1
9577,2625420,2
9577,786312,3
9577,1001129,2
9577,727242,1
9577,2062350,2
9577,2439493,1
9577,1563935,1
9577,2040859,1
9577,952156,5
9577,2457095,2
9577,1876520,1
9577,507603,1
9577,1470123,2
9577,1664010,5
9577,1298511,2
9577,491531,1
9577,2606799,1
9577,1146000,3
9577,2256485,1
9577,798296,1
9577,305344,1
9577,1710658,3
9577,2147527,2
9577,447759,5
9577,2176465,2
9577,1806515,1
9577,2118461,5
9577,387418,2
9577,1932594,1
9577,794999,5
9577,958687,4
9577,1663888,5
9577,1461435,1
9577,1639792,1
9577,2460347,1
9577,1002509,1
9577,1852040,1
9577,1300759,4
3513,1977959,3
3513,303948,3
3513,1673185,3
3513,786312,3
3513,1509395,4
3513,1927580,3
3513,2329026,5
3513,1792741,3
3513,636262,1
3513,2237185,5
3513,1166912,3
3513,2062350,5
3513,1139570,3
3513,2439493,2
3513,530789,5
3513,238740,4
3513,1473980,3
3513,1110156,3
3513,952156,4
3513,2457095,3
3513,2541385,4
3513,341649,2
3513,322009,3
3513,1664010,5
3513,1902838,3
3513,1298511,4
3513,1935793,4
3513,71594,3
3513,2291306,3
3513,491531,3
3513,2606799,3
3513,1146000,3
3513,647979,5
3513,2256485,2
3513,716173,5
3513,1299887,2
3513,789014,1
3513,798296,4
3513,682963,4
3513,16272,3
3513,319058,4
3513,305344,5
3513,1710658,2
3513,1403217,2
3513,2315012,1
3513,402266,4
3513,752642,3
3513,1519378,4
3513,2118461,5
3513,2061495,3
3513,387418,1
3513,794999,5
3513,958687,5
3513,1461435,1
3513,1037245,4
3513,1639792,4
3513,57633,4
3513,2143500,2
3513,2238060,5
3513,629389,3
3513,188613,4
3513,1300759,5
8324,303948,3
8324,1001129,2
8324,1927580,2
8324,636262,1
8324,2439493,3
8324,1473980,1
8324,1664010,4
8324,2606799,1
8324,716173,4
8324,305344,2
8324,2147527,2
8324,447759,5
8324,2150746,2
8324,2056022,2
8324,1806515,3
8324,2118461,4
8324,387418,1
8324,1932594,2
8324,1663888,3
8324,1461435,1
15902,2625420,2
15902,2268573,2
15902,303948,5
15902,525356,4
15902,1509395,5
15902,727242,1
15902,2329026,2
15902,1314869,4
15902,636262,4
15902,2062350,4
15902,2439493,1
15902,238740,3
15902,1563935,2
15902,1473980,5
15902,1110156,5
15902,1028463,5
15902,952156,3
15902,1903324,1
15902,2457095,3
15902,595778,4
15902,184705,3
15902,507603,1
15902,322009,4
15902,1470123,3
15902,1664010,5
15902,1935793,2
15902,2519299,5
15902,2606799,5
15902,1146000,1
15902,2256485,3
15902,716173,5
15902,789014,2
15902,682963,4
15902,319058,5
15902,305344,1
15902,1710658,4
15902,1403217,3
15902,2147527,5
15902,2150746,4
15902,2315012,3
15902,752642,3
15902,555528,5
15902,2056022,3
15902,1745107,5
15902,2176465,2
15902,1519378,3
15902,1806515,5
15902,2118461,4
15902,2061495,4
15902,387418,2
15902,397212,1
15902,1114324,3
15902,1932594,3
15902,794999,5
15902,958687,4
15902,1061195,5
15902,1461435,1
15902,1639792,1
15902,2460347,1
15902,1002509,4
15902,2238060,4
15902,1852040,2
15902,629389,3
15902,2634967,4
3314,1977959,3
3314,1673185,3
3314,1227322,3
3314,525356,4
3314,1001129,2
3314,1927580,1
3314,727242,1
3314,235789,3
3314,2329026,3
3314,1792741,2
3314,1314869,3
3314,2237185,3
3314,1166912,1
3314,2062350,2
3314,1139570,3
3314,2439493,1
3314,238740,3
3314,1473980,3
3314,1110156,3
3314,1028463,5
3314,952156,3
3314,2457095,3
3314,1876520,1
3314,2541385,2
3314,595778,3
3314,507603,1
3314,322009,3
3314,1470123,4
3314,1664010,5
3314,1902838,2
3314,1298511,3
3314,1935793,3
3314,491531,5
3314,2519299,3
3314,2606799,3
3314,647979,2
3314,716173,5
3314,1299887,3
3314,798296,2
3314,682963,4
3314,16272,3
3314,319058,1
3314,305344,4
3314,447759,4
3314,752642,3
3314,1745107,4
3314,1519378,3
3314,1806515,2
3314,2118461,4
3314,2061495,3
3314,387418,2
3314,1663888,5
3314,1461435,2
3314,1037245,3
3314,1639792,1
3314,57633,2
3314,2143500,2
3314,2460347,3
3314,2238060,5
3314,1852040,1
3314,1612901,3
3314,629389,4
3314,188613,3
3314,1300759,4
3314,2634967,1
7890,303948,4
7890,1227322,4
7890,525356,1
7890,727242,1
7890,883478,2
7890,2329026,4
7890,1792741,4
7890,1314869,3
7890,636262,5
7890,2062350,3
7890,2439493,1
7890,530789,5
7890,1473980,3
7890,2040859,1
7890,952156,4
7890,1903324,1
7890,595778,4
7890,1470123,4
7890,1664010,5
7890,1935793,1
7890,2291306,2
7890,2606799,3
7890,1146000,3
7890,647979,4
7890,716173,5
7890,16272,3
7890,305344,3
7890,1710658,3
7890,2147527,1
7890,447759,5
7890,2150746,3
7890,2315012,4
7890,752642,3
7890,555528,3
7890,1519378,3
7890,1806515,3
7890,2118461,5
7890,387418,1
7890,1114324,3
7890,958687,4
7890,1663888,3
7890,1461435,1
7890,2460347,1
7890,2238060,5
7890,1852040,1
7890,1612901,4
744,2625420,2
744,1001129,2
744,1314869,3
744,1664010,4
744,789014,1
744,798296,1
744,305344,2
744,2118461,4
744,387418,2
744,1114324,1
744,1932594,2
744,1639792,1
1868,1227322,1
1868,2329026,4
1868,1314869,4
1868,2237185,3
1868,2439493,1
1868,1563935,1
1868,1473980,1
1868,341649,3
1868,2606799,4
1868,305344,1
1868,1710658,3
1868,1403217,1
1868,2315012,1
1868,1806515,3
1868,2118461,4
1868,387418,2
1868,958687,3
1868,1612901,3
15797,1977959,3
15797,2268573,1
15797,303948,4
15797,1673185,2
15797,1227322,1
15797,786312,3
15797,525356,1
15797,1001129,3
15797,1927580,1
15797,883478,3
15797,235789,4
15797,1314869,4
15797,2237185,2
15797,1166912,2
15797,2439493,1
15797,238740,2
15797,1473980,4
15797,2040859,1
15797,1110156,2
15797,1028463,5
15797,1876520,1
15797,2541385,3
15797,184705,4
15797,341649,1
15797,322009,2
15797,1902838,1
15797,2514777,2
15797,71594,1
15797,2291306,1
15797,2519299,2
15797,1299887,3
15797,789014,1
15797,798296,1
15797,16272,2
15797,319058,1
15797,305344,2
15797,1403217,1
15797,752642,2
15797,2056022,2
15797,1745107,3
15797,2118461,4
15797,2061495,3
15797,387418,3
15797,397212,2
15797,1114324,4
15797,1932594,2
15797,958687,3
15797,1061195,3
15797,1663888,4
15797,1461435,1
15797,1639792,1
15797,57633,2
15797,2143500,2
15797,2238060,5
15797,1852040,1
15797,188613,3
12317,2625420,3
12317,1977959,4
12317,303948,4
12317,1673185,4
12317,1227322,2
12317,525356,3
12317,1509395,4
12317,1001129,3
12317,1927580,3
12317,727242,2
12317,883478,1
12317,235789,5
12317,1792741,4
12317,1314869,5
12317,636262,2
12317,2237185,3
12317,1166912,2
12317,2062350,2
12317,1139570,3
12317,2439493,1
12317,530789,5
12317,238740,4
12317,1473980,5
12317,2040859,4
12317,1110156,4
12317,1028463,5
12317,952156,4
12317,1903324,4
12317,2457095,3
12317,1876520,3
12317,2541385,4
12317,595778,5
12317,184705,3
12317,507603,2
12317,341649,2
12317,322009,4
12317,1470123,2
12317,1664010,5
12317,1902838,3
12317,2514777,3
12317,1298511,4
12317,1935793,4
12317,71594,5
12317,2291306,1
12317,491531,3
12317,2519299,5
12317,2606799,4
12317,1146000,3
12317,647979,3
12317,2256485,3
12317,716173,4
12317,1299887,5
12317,789014,4
12317,682963,4
12317,16272,4
12317,319058,3
12317,305344,4
12317,1710658,4
12317,1403217,3
12317,2147527,4
12317,447759,5
12317,2150746,3
12317,2315012,5
12317,402266,3
12317,752642,3
12317,555528,4
12317,1745107,4
12317,2056022,3
12317,2176465,4
12317,1519378,3
12317,1806515,4
12317,2118461,5
12317,2061495,4
12317,387418,3
12317,397212,3
12317,1114324,4
12317,794999,5
12317,958687,5
12317,1061195,4
12317,1461435,3
12317,1639792,3
12317,57633,1
12317,2460347,2
12317,1002509,5
12317,2238060,5
12317,1852040,3
12317,1612901,2
12317,629389,3
12317,188613,3
12317,2634967,2
12317,1300759,4
3276,1977959,3
3276,303948,4
3276,1673185,3
3276,1227322,2
3276,786312,3
3276,1927580,2
3276,727242,3
3276,883478,2
3276,1792741,3
3276,1314869,2
3276,2237185,3
3276,2439493,1
3276,530789,4
3276,238740,4
3276,2040859,1
3276,1110156,3
3276,952156,4
3276,2457095,3
3276,2541385,4
3276,595778,1
3276,322009,3
3276,1470123,4
3276,1664010,5
3276,1902838,2
3276,2514777,3
3276,71594,3
3276,491531,4
3276,2519299,3
3276,647979,3
3276,716173,5
3276,1299887,3
3276,789014,1
3276,682963,3
3276,16272,3
3276,319058,1
3276,305344,3
3276,1710658,3
3276,2150746,4
3276,2315012,3
3276,402266,3
3276,752642,3
3276,1519378,3
3276,2118461,5
3276,1806515,3
3276,2061495,3
3276,387418,2
3276,1932594,4
3276,1663888,4
3276,1461435,1
3276,1037245,4
3276,1639792,3
3276,57633,1
3276,2143500,2
3276,1002509,3
3276,2238060,5
3276,1852040,1
3276,1612901,4
3276,629389,4
3276,1300759,4
3276,2634967,1
6053,2625420,2
6053,303948,4
6053,525356,3
6053,1792741,1
6053,1314869,5
6053,2439493,1
6053,1563935,1
6053,1110156,2
6053,1903324,1
6053,507603,1
6053,1664010,5
6053,2606799,2
6053,305344,1
6053,2176465,1
6053,2118461,5
6053,387418,1
6053,794999,5
6053,1932594,1
5604,303948,3
5604,2268573,2
5604,1509395,2
5604,1001129,2
5604,1927580,1
5604,1314869,4
5604,2439493,1
5604,1473980,4
5604,1028463,5
5604,1903324,1
5604,595778,1
5604,184705,3
5604,507603,1
5604,1664010,4
5604,2606799,3
5604,716173,4
5604,1299887,1
5604,305344,1
5604,1403217,2
5604,2147527,3
5604,2056022,3
5604,1745107,3
5604,2176465,2
5604,2118461,3
5604,387418,2
5604,1114324,4
5604,1932594,3
5604,794999,5
5604,958687,3
5604,1002509,1
5604,1852040,1
5604,2634967,1
14926,2625420,2
14926,235789,3
14926,1314869,1
14926,2062350,5
14926,2439493,1
14926,2040859,1
14926,1028463,5
14926,1664010,4
14926,2606799,3
14926,716173,4
14926,789014,4
14926,305344,2
14926,2147527,5
14926,2056022,2
14926,1806515,4
14926,2118461,5
14926,387418,2
14926,1461435,1
14926,1639792,1
14926,2238060,5
14926,2634967,1
12923,727242,1
12923,1314869,3
12923,1166912,2
12923,2439493,1
12923,1473980,3
12923,1028463,1
12923,1664010,4
12923,1902838,1
12923,798296,1
12923,305344,3
12923,752642,1
12923,555528,1
12923,2056022,2
12923,1806515,2
12923,387418,1
12923,1114324,3
12923,1932594,2
12923,794999,5
12923,1639792,1
12923,1002509,4
12820,1001129,2
12820,2237185,3
12820,2439493,1
12820,952156,4
12820,1664010,4
12820,789014,1
12820,305344,2
12820,2118461,3
12820,387418,2
12820,1932594,2
12820,1061195,2
12820,1461435,1
12820,2143500,3
12820,2460347,1
12820,1852040,1
15635,2439493,1
15635,507603,1
15635,1664010,3
15635,491531,3
15635,2606799,2
15635,305344,1
15635,447759,5
15635,2061495,2
15635,387418,1
15635,1114324,2
15635,1932594,2
15635,794999,5
15635,958687,2
9070,1977959,3
9070,2268573,2
9070,303948,4
9070,1673185,2
9070,1227322,2
9070,525356,2
9070,1509395,3
9070,1927580,1
9070,727242,1
9070,235789,4
9070,2329026,2
9070,1792741,2
9070,1314869,3
9070,636262,3
9070,2237185,3
9070,2062350,3
9070,1139570,3
9070,2439493,1
9070,530789,4
9070,1473980,5
9070,1028463,5
9070,1110156,2
9070,2457095,1
9070,595778,4
9070,184705,3
9070,507603,1
9070,341649,2
9070,322009,3
9070,1664010,5
9070,1902838,2
9070,2514777,4
9070,2291306,2
9070,2519299,4
9070,491531,5
9070,2606799,3
9070,716173,4
9070,789014,3
9070,305344,2
9070,1710658,3
9070,1403217,2
9070,447759,5
9070,2315012,1
9070,752642,1
9070,555528,3
9070,2056022,3
9070,1745107,3
9070,2176465,2
9070,2118461,4
9070,2061495,3
9070,387418,3
9070,397212,1
9070,1114324,3
9070,958687,3
9070,1061195,4
9070,1037245,3
9070,1639792,1
9070,57633,2
9070,2143500,2
9070,1002509,4
9070,2238060,4
9070,1852040,1
9070,1612901,2
9070,188613,2
4910,303948,3
4910,1001129,2
4910,883478,2
4910,235789,5
4910,1314869,3
4910,2439493,1
4910,1473980,3
4910,184705,3
4910,507603,1
4910,322009,2
4910,1664010,5
4910,491531,3
4910,798296,1
4910,305344,1
4910,2118461,5
4910,2061495,3
4910,387418,2
4910,1114324,3
4910,1932594,3
4910,794999,5
4910,1037245,3
4910,1639792,1
13170,2625420,2
13170,303948,5
13170,525356,2
13170,1001129,2
13170,235789,5
13170,1314869,5
13170,2439493,1
13170,1563935,1
13170,1028463,5
13170,507603,1
13170,1470123,2
13170,1664010,4
13170,2606799,5
13170,716173,5
13170,305344,1
13170,1710658,4
13170,2147527,2
13170,2056022,2
13170,2176465,1
13170,1806515,3
13170,2118461,4
13170,387418,1
13170,397212,1
13170,1461435,1
13170,2238060,5
13170,2634967,1
15352,786312,3
15352,1001129,2
15352,1166912,2
15352,2439493,1
15352,1473980,1
15352,2457095,2
15352,1876520,1
15352,1470123,5
15352,1664010,4
15352,1298511,2
15352,1935793,1
15352,2256485,1
15352,798296,2
15352,305344,4
15352,2147527,2
15352,2150746,2
15352,2056022,2
15352,2176465,2
15352,1806515,2
15352,2118461,4
15352,387418,1
15352,1461435,1
15352,1639792,1
4877,1227322,4
4877,525356,4
4877,1001129,3
4877,1927580,4
4877,727242,1
4877,235789,4
4877,2329026,4
4877,1792741,4
4877,1314869,3
4877,636262,4
4877,2062350,4
4877,2439493,1
4877,1563935,5
4877,2040859,4
4877,1110156,4
4877,1028463,5
4877,595778,5
4877,1470123,5
4877,1664010,5
4877,2514777,5
4877,1298511,5
4877,1935793,5
4877,2606799,4
4877,647979,4
4877,716173,5
4877,1299887,5
4877,305344,1
4877,1710658,3
4877,1403217,4
4877,2147527,2
4877,447759,5
4877,555528,3
4877,2056022,2
4877,2176465,4
4877,1806515,5
4877,2118461,4
4877,387418,1
4877,1114324,4
4877,397212,5
4877,1061195,5
4877,958687,5
4877,1663888,3
4877,1461435,5
4877,1037245,5
4877,1639792,5
4877,2460347,1
4877,2238060,5
4877,1612901,4
4877,629389,1
6359,1001129,2
6359,1314869,3
6359,2439493,1
6359,1473980,3
6359,2040859,1
6359,1664010,4
6359,491531,2
6359,305344,1
6359,1403217,1
6359,752642,1
6359,2056022,4
6359,2176465,1
6359,2118461,4
6359,387418,1
6359,1932594,3
6359,1037245,3
6359,2143500,3
15087,2625420,2
15087,727242,1
15087,2439493,1
15087,2040859,1
15087,2457095,1
15087,1935793,1
15087,2606799,1
15087,2256485,1
15087,1299887,5
15087,305344,1
15087,2118461,5
15087,387418,1
15087,1932594,1
8417,1001129,2
8417,2439493,1
8417,1876520,1
8417,1664010,3
8417,789014,1
8417,798296,1
8417,305344,2
8417,2056022,3
8417,1806515,3
8417,2061495,3
8417,387418,2
8417,1114324,3
8417,1932594,1
8417,1061195,3
8417,1461435,1
8417,1639792,1
8417,2634967,1
3392,1001129,2
3392,1927580,2
3392,1314869,3
3392,2439493,1
3392,1903324,1
3392,1664010,3
3392,2291306,3
3392,491531,2
3392,305344,1
3392,752642,1
3392,2118461,3
3392,387418,1
3392,1639792,1
3392,1852040,1
3392,188613,2
9537,303948,3
9537,2439493,1
9537,1563935,1
9537,1664010,4
9537,2606799,3
9537,1299887,3
9537,305344,1
9537,2056022,2
9537,1806515,1
9537,2118461,4
9537,387418,1
6921,1314869,3
6921,2439493,1
6921,1664010,4
6921,2606799,3
6921,2256485,1
6921,305344,3
6921,2176465,3
6921,1806515,3
6921,387418,1
6921,1114324,3
6921,1932594,3
6921,1461435,1
9556,2625420,2
9556,1509395,4
9556,1001129,3
9556,883478,5
9556,1314869,2
9556,636262,4
9556,2062350,4
9556,2439493,1
9556,1563935,1
9556,1473980,5
9556,2040859,1
9556,595778,4
9556,1664010,5
9556,2514777,1
9556,2606799,3
9556,716173,4
9556,305344,1
9556,1710658,3
9556,555528,2
9556,2056022,2
9556,2176465,2
9556,1806515,4
9556,2118461,5
9556,387418,1
9556,1114324,4
9556,1461435,1
9556,2460347,1
9556,2238060,5
9556,2634967,1
15672,1977959,3
15672,786312,4
15672,525356,1
15672,1509395,3
15672,235789,4
15672,1314869,3
15672,636262,1
15672,2237185,3
15672,1166912,3
15672,2439493,1
15672,1563935,1
15672,1473980,2
15672,2040859,1
15672,1110156,3
15672,1903324,1
15672,2541385,4
15672,184705,3
15672,507603,1
15672,1664010,5
15672,71594,3
15672,491531,2
15672,2256485,3
15672,1299887,3
15672,798296,1
15672,305344,3
15672,1710658,2
15672,2147527,2
15672,447759,5
15672,402266,2
15672,752642,2
15672,2056022,2
15672,1806515,1
15672,2118461,5
15672,387418,2
15672,1114324,3
15672,1932594,3
15672,958687,3
15672,1061195,3
15672,1663888,1
15672,1461435,1
15672,1639792,1
15672,1612901,3
15672,2634967,2
6969,2625420,2
6969,786312,3
6969,525356,1
6969,727242,1
6969,2439493,1
6969,1563935,1
6969,2040859,1
6969,952156,3
6969,1903324,1
6969,2457095,2
6969,1876520,1
6969,595778,4
6969,507603,1
6969,322009,3
6969,1664010,5
6969,1298511,3
6969,1935793,1
6969,798296,1
6969,682963,4
6969,319058,1
6969,305344,1
6969,1710658,2
6969,2147527,2
6969,2315012,1
6969,402266,4
6969,2056022,1
6969,1519378,4
6969,1806515,1
6969,2118461,5
6969,387418,2
6969,794999,5
6969,958687,4
6969,1061195,5
6969,1663888,3
6969,1461435,1
6969,1639792,1
6969,2460347,1
6969,2238060,2
6969,1852040,2
6969,1300759,3
